('max', 4.0)
('ascvc', 0)
('misc', 0)
('nvals', [(0.25, 1), (0.3, 41), (0.301, 10), (0.321, 3), (0.4, 31), (0.451, 3), (0.5, 15), (0.501, 1), (0.599, 5), (0.6, 79), (0.601, 18), (0.651, 1), (0.699, 76), (0.7, 82), (0.75, 2), (0.799, 11), (0.8, 64), (0.801, 7), (0.9, 8), (0.901, 2), (0.999, 4), (1.0, 29), (1.001, 5), (1.09, 5), (1.1, 2), (1.2, 35), (1.201, 9), (1.299, 2), (1.3, 2), (1.399, 2), (1.4, 2), (1.5, 6), (1.599, 29), (1.6, 75), (1.601, 9), (1.9, 1), (2.0, 17), (2.2, 3), (2.3, 7), (2.5, 13), (2.501, 2), (2.8, 1), (2.801, 4), (3.0, 1), (3.2, 48), (3.201, 9), (3.3, 1), (3.5, 3), (4.0, 12)])
('avals', [])
('numc', 798)
('ascc', 0)
('min', 0.25)
('res', 0.001)
('numvc', 49)
('type', 'N')
