('max', 1525.0)
('ascvc', 0)
('misc', 0)
('nvals', [(0.0, 1), (20.0, 23), (25.0, 3), (28.0, 1), (29.0, 1), (50.0, 17), (58.0, 1), (60.0, 2), (65.1, 1), (75.0, 8), (150.0, 12), (152.0, 2), (190.0, 1), (200.1, 1), (249.9, 2), (250.0, 4), (255.0, 2), (255.1, 2), (300.1, 6), (335.0, 10), (355.0, 1), (356.0, 2), (356.1, 2), (374.9, 5), (375.0, 4), (385.1, 4), (450.0, 1), (500.0, 4), (515.0, 1), (519.0, 1), (519.9, 2), (520.0, 10), (595.0, 4), (599.9, 1), (600.0, 3), (600.1, 2), (606.9, 1), (609.0, 6), (609.9, 80), (610.0, 251), (640.0, 10), (710.1, 1), (830.0, 2), (831.9, 1), (900.0, 24), (900.1, 1), (915.0, 1), (915.1, 1), (966.0, 2), (966.1, 2), (1000.0, 7), (1050.0, 3), (1090.0, 4), (1100.0, 1), (1130.0, 2), (1135.0, 1), (1200.0, 2), (1200.1, 1), (1220.0, 45), (1250.0, 11), (1274.9, 5), (1275.0, 5), (1300.0, 28), (1310.0, 1), (1320.0, 135), (1320.1, 3), (1500.0, 8), (1525.0, 6)])
('avals', [])
('numc', 798)
('ascc', 0)
('min', 0.0)
('res', 0.1)
('numvc', 68)
('type', 'N')
