('max', 78)
('ascvc', 0)
('misc', 0)
('nvals', [(7, 1), (20, 3), (22, 2), (23, 4), (24, 2), (25, 3), (26, 1), (27, 4), (28, 5), (30, 8), (31, 4), (32, 4), (33, 3), (34, 8), (35, 2), (36, 7), (37, 5), (38, 8), (39, 6), (40, 3), (41, 3), (42, 5), (43, 1), (44, 5), (45, 5), (46, 1), (47, 4), (48, 2), (49, 3), (50, 6), (51, 6), (52, 3), (53, 1), (54, 5), (56, 3), (57, 2), (58, 2), (59, 1), (60, 1), (61, 3), (62, 2), (64, 1), (65, 1), (66, 1), (67, 1), (69, 1), (70, 1), (72, 1), (78, 1)])
('avals', [])
('numc', 155)
('ascc', 0)
('min', 7)
('res', 1)
('numvc', 49)
('type', 'N')
