('max', 295)
('ascvc', 0)
('misc', 29)
('nvals', [(26, 1), (30, 1), (34, 1), (40, 1), (44, 1), (45, 1), (46, 2), (48, 1), (50, 1), (52, 1), (53, 1), (55, 1), (56, 1), (57, 1), (58, 1), (59, 1), (60, 1), (62, 4), (63, 1), (65, 1), (67, 1), (68, 1), (70, 2), (71, 1), (72, 2), (74, 1), (75, 3), (76, 2), (78, 3), (80, 2), (81, 4), (82, 2), (84, 1), (85, 18), (86, 1), (89, 1), (90, 1), (92, 1), (95, 2), (96, 1), (100, 3), (102, 2), (103, 1), (107, 1), (109, 1), (110, 1), (114, 1), (115, 1), (118, 1), (119, 1), (120, 2), (123, 1), (125, 1), (126, 1), (127, 1), (130, 1), (133, 1), (135, 3), (138, 1), (139, 1), (141, 2), (147, 1), (150, 1), (155, 2), (158, 1), (160, 1), (164, 1), (165, 1), (166, 1), (167, 1), (168, 1), (175, 1), (179, 1), (180, 1), (181, 1), (191, 1), (194, 1), (215, 2), (230, 1), (243, 1), (256, 1), (280, 1), (295, 1)])
('avals', [])
('numc', 126)
('ascc', 0)
('min', 26)
('res', 1)
('numvc', 83)
('type', 'N')
