('max', 648)
('ascvc', 0)
('misc', 4)
('nvals', [(14, 2), (15, 1), (16, 2), (18, 4), (19, 2), (20, 7), (23, 1), (24, 3), (25, 2), (28, 5), (29, 1), (30, 5), (31, 3), (32, 1), (33, 2), (34, 2), (38, 3), (39, 1), (40, 2), (42, 2), (43, 1), (44, 3), (45, 2), (46, 2), (48, 3), (49, 1), (52, 2), (53, 3), (54, 1), (55, 5), (58, 3), (59, 1), (60, 6), (63, 1), (64, 2), (65, 3), (68, 3), (69, 3), (70, 1), (75, 4), (78, 1), (80, 2), (81, 1), (86, 1), (89, 1), (90, 1), (92, 2), (98, 2), (100, 1), (101, 1), (110, 1), (114, 1), (117, 1), (118, 1), (120, 2), (123, 1), (128, 1), (136, 1), (140, 1), (142, 1), (144, 1), (145, 1), (150, 1), (152, 1), (153, 1), (156, 1), (157, 2), (166, 1), (173, 1), (181, 1), (182, 1), (200, 1), (224, 1), (225, 1), (227, 1), (231, 1), (242, 2), (249, 1), (269, 1), (271, 1), (278, 1), (420, 1), (528, 1), (648, 1)])
('avals', [])
('numc', 151)
('ascc', 0)
('min', 14)
('res', 1)
('numvc', 84)
('type', 'N')
