('max', 100)
('ascvc', 0)
('misc', 67)
('nvals', [(0, 1), (21, 1), (23, 1), (29, 2), (30, 1), (31, 3), (32, 1), (35, 2), (36, 1), (38, 1), (39, 1), (40, 1), (41, 3), (42, 1), (43, 1), (46, 4), (47, 1), (48, 1), (50, 2), (51, 1), (52, 3), (54, 3), (56, 2), (57, 3), (58, 1), (60, 2), (62, 2), (63, 2), (64, 1), (66, 4), (67, 2), (70, 2), (72, 1), (73, 2), (74, 4), (75, 1), (76, 1), (77, 1), (78, 1), (80, 1), (84, 1), (85, 4), (90, 3), (100, 11)])
('avals', [])
('numc', 88)
('ascc', 0)
('min', 0)
('res', 1)
('numvc', 44)
('type', 'N')
