2	2	2	2	2	2	1	2	2	2	2	2	2	2	2	2	2	2	2	2	2	2	2	2	2	2	2	2	2	2	1	1	2	2	2	1	2	2	2	2	2	2	2	2	2	2	2	2	2	2	2	2	2	2	2	2	2	2	2	2	2	2	2	2	2	2	2	1	2	2	2	1	2	2	2	2	1	2	2	2	2	2	2	2	2	2	1	1	1	2	2	1	2	2	1	2	2	2	1	2	1	2	2	2	1	2	1	2	2	1	2	1	2	2	2	2	2	2	1	2	1	2	2	2	2	2	2	1	2	1	2	1	2	2	1	2	2	2	1	2	2	1	2	1	1	2	1	1	2	2	1	2	2	2	1
30	50	78	31	34	34	51	23	39	30	39	32	41	30	47	38	66	40	38	38	22	27	31	42	25	27	49	58	61	51	39	62	41	26	35	37	23	20	42	65	52	23	33	56	34	28	37	28	36	38	39	39	44	40	30	37	34	30	64	45	37	32	32	36	49	27	56	57	39	44	24	34	51	36	50	32	58	34	34	28	23	36	30	67	62	28	44	30	38	38	50	42	33	52	59	40	30	44	47	60	48	22	27	51	47	25	35	45	54	33	7	42	52	45	36	69	24	50	61	54	56	20	42	37	50	34	28	50	54	57	54	31	48	72	38	25	51	38	47	45	36	54	51	49	45	31	41	70	20	36	46	44	61	53	43
2	1	1	1	1	1	1	1	1	1	1	1	1	1	1	1	1	1	1	1	2	1	1	1	2	1	1	2	1	1	1	1	2	2	1	1	1	2	1	1	1	1	1	1	1	1	1	2	1	1	1	1	1	1	1	1	1	1	1	2	1	1	1	1	1	1	1	1	1	1	1	1	1	1	1	1	1	2	1	1	1	1	1	2	2	1	1	1	1	1	2	1	1	1	1	1	1	1	1	1	1	1	1	1	1	1	1	1	1	1	1	1	1	1	1	2	1	1	1	1	1	1	1	1	1	2	1	1	1	1	1	1	1	1	1	1	1	1	1	1	1	1	1	1	1	1	1	1	1	1	1	1	1	2	1
1	1	2		2	2	1	2	2	2	1	2	2	2	1	1	2	1	2	1	2	2	2	2	1	1	1	2	1	1	1	1	2	1	2	2	2	1	1	2	1	2	2	1	2	2	1	2	1	2	1	2	2	2	2	1	1	2	2	1	2	2	2	1	2	2	1	2	2	1	2	1	2	1	2	1	2	1	1	2	2	2	1	1	2	1	1	2	1	1	1	1	2	1	1	1	1	1	2	1	1	2	1	1	2	2	1	1	1	1	2	1	1	1	1	2	1	2	1	2	1	1	2	1	2	2	2	2	1	1	2	1	2	2	1	2	2	2	2	2	1	1	2	1	2	1	2	1	1	2	2	2	1	1	2
2	2	2	1	2	2	2	2	2	2	1	1	1	2	1	2	2	2	2	1	1	2	2	2	1	2	1	2	2	1	1	2	1	2	2	2	2	2	2	2	1	2	2	2	2	2	2	2	2	1	2	2	2	1	2	2	2	1	1	2	2	2	2	2	2	2	2	2	2	2	2	2	2	2	2	1	2	1	2	2	2	2	2	2	2	2	2	2	2	2	2	2	2	2	2	1	2	2	2	2	2	2	2	2	2	2	2	2	1	2	2	1	2	2	2	2	2	2	2	2	2	2	2	2	2	2	2	2	2	2	2	2	2	1	2	2	2	2	2	1	2	2	2	2	2	2	2	2	2	2	2	2	2	2	2
2	1	1	2	2	2	1	2	1	2	2	1	1	1	2	1	1	1	2	2	1	1	2	2	2	1	1	1	1	1	1	1	1	2	1	1	1	1	2	1	2	2	2	1	2	1	2	1	2	1	2	2	2	1	1	1		2	1	1	2	2	1	2	1	2	2	1	1	1	2	1	1	1	2	1	1	2	1	2	1	2	2	1	1	1	1	1	1	1	1	1	2	2	1	1	1	1	2	1	1	2	1	1	1	2	1	1	2	1	2	1	1	1	2	1	1	2	1	1	1	1	2	1	2	1	1	1	1	1	2	1	1	1	2	1	2	2	1	2	1	1	1	1	1	1	1	1	2	2	1	1	1	1	1
2	2	2	2	2	2	2	2	2	2	2	2	2	2	2	1	2	2	2	2	2	1	2	2	2	1	1	2	2	1	1	1	1	2	2	2	1	1	2	1	2	2	2	2	2	1	2	1	2	1	2	2	2	2	2	1		2	1	1	2	2	1	2	1	2	2	1	2	1	2	1	1	1	2	1	2	2	2	2	1	2	2	1	1	1	1	1	1	1	2	1	2	2	1	1	1	1	2	2	1	2	2	1	1	2	2	1	2	1	2	1	2	2	2	2	2	2	1	2	1	1	2	2	2	1	1	2	1	1	2	1	1	2	2	2	2	2	1	2	1	1	2	1	1	2	2	1	2	2	1	2	1	2	2
2	2	2	2	2	2	1	2	2	2	2	2	2	2	2	1	2	2	2	2	2	1	2	2	2	2	1	2	2	2	2	2	1	2	2	2	1	1	2	2	2	2	2	2	2	2	2	2	2	1	2	2	2	2	2	1		2	2	2	2	2	1	2	2	2	2	1	2	2	2	2	1	1	2	2	2	2	2	2	1	2	2	2	2	1	2	1	1	1	2	1	2	2	2	1	2	2	2	2	2	2	2	1	2	2	2	1	2	2	2	2	2	2	2	2	2	2	2	2	1	1	2	2	2	1	1	2	2	2	2	1	1	2	2	2	2	2	2	2	1	2	2	2	1	2	2	1	2	2	1	2	2	2	2
1	1	2	2	2	2	2	2	2	2	1	2	2	2	2	2	2	2	2	1	2	1	2	2	2	2	2	2	1	2	2		2	2	2	2	2	1	2	2	2		2	2	2	2	2	2	2	2	2	2	2	2	2	2		2	1	2	2	2	2	1	2	2	2	2	2	2	2	1		2	2	2	1	2	1	2	2	2	2	2	2	2	2	2	2	1	1	2		2	2	1	2	1	2	1	2	2	2	2	2	2		2	1	2	2	2	2	2	2	2	2	2		1	1	2	2	2	2	1		2	2	2	2	2	2	2	2	1	1	2	2	2	1		2	2	2	2	2		2	2	2	2	1	2	2
2	2	2	2	2	2	2	2	1	2	1	1	1	1	2	2	2	1	2	1	2	1	2	2	2	2	1	1	1	2	1		2	1	2	2	2	1	2	1	2		2	2	2	2	1	1	2	2	2	2	2	1	2	2		2	1	2	2	2	2	1	2	2	2	2	2	2	2	1		1	2	2	1	1	1	2	2	2	2	2	1	1	2	1	1	1	1	2		2	1	1	1	1	2	1	1	2	1	1	1	2		2	1	2	1	2	2	1	2	2	2	2		1	1	2	2	2	1	1		1	2	2	2	2	1	1	1	1	1	1	1	2	1		1	2	2	2	1			2	2	1	1	2	2
2	2	2	2	2	2	1	2	2	2	2	2	2	2	2	2	2	2	2	2	2	1	2	2	2	2	2	2	2	2	2	2	2	2	2	2	1	1	2	1	2		2	2	2	2	2	2	1	2	2	2	2	1	2	2		2	2	1	2	2	2	1	2	2	2	2	2	2	2	2		2	2	2	1	2	2	2	2	2	2		2	2	1	2	2	2	1	1	2	2	1	2	2	2	2	1	2	2	2	1	2	2	1	2	2	2	1	2	2	1	2	2	2	2	2	2	2	2	1	2	1	2	2	1	2	2	2	1	2	2	2	1	2	2	2	2	2	1	1	1	2	2	1		2	2	2	2	2	1	1
2	2	2	2	2	2	1	2	2	2	2	1	2	2	2	2	2	2	2	2	2	1	2	2	2	2	1	1	2	2	2	2	2	2	2	1	2	1	2	1	2		2	2	2	2	1	2	2	1	2	2	2	2	2	2		2	2	2	2	2	1	2	2	2	2	1	2	2	2	1		2	2	2	1	2	1	2	2	2	2		1	2	2	1	1	2	1	1	2	2	1	2	1	1	1	1	1	2	2	1	2	2	1	2	2	2	2	1	2	2	2	2	2	2	1	2	1	1	2	1	1	1	1	2	2	1	2	2	1	2	2	1	1	1	1	2	1	2	1	1	1	2	1		2	2	1	2	1	1	1
2	2	2	2	2	2	2	2	2	2	2	2	2	2	2	1	2	2	2	2	2	2	2	2	2	2	2	2	2	2	2	2	2	2	2	2	2	2	2	1	2		2	2	2	2	2	2	2	2	2	2	2	2	2	2		2	2	2	2	2	2	2	2	2	2	1	2	2	2	2		2	2	2	2	2	2	2	2	2	2		2	2	2	1	1	2	2	2	2	2	2	2	2	2	2	2	1	2	2	2	1	2	1	2	2	1	2	2	2	2	2	2	2	2	2	2	2	1	2	2	2	2	1	1	1	1	2	2	2	2	2	1	2	2	1	2	2	1	2	2	1	2	2		2	2	1	2	2	2	1
2	2	2	2	2	2	2	2	2	2	2	2	2	2	2	2	2	2	2	2	2	2	2	2	2	2	2	2	2	2	2	2	2	2	2	2	2	2	2	2	2		2	2	2	2	2	2	2	2	2	2	2	2	2	2		2	2	2	2	2	1	2	2	2	2	2	2	2	2	2		2	2	2	2	2	2	2	2	2	2		2	2	1	1	1	2	2	1	2	2	2	2	2	2	1	2	1	2	2	1	1	2	2	2	2	2	2	2	2	2	2	2	2	2	2	2	2	2	2	2	2	2	2	1	2	2	2	2	2	2	2	1	2	1	1	2	1	2	1	2	2	2	1		2	2	1	2	2	1	2
1.00	0.90	0.70	0.70	1.00	0.90		1.00	0.70	1.00	1.30	1.00	0.90	2.20		2.00	1.20	0.60	0.70	0.70	0.90	1.20	1.00	0.90	0.40	0.80	0.60	1.40	1.30	1.00	2.30	1.00	0.70	0.50	0.90	0.60	1.30	2.30	1.00	0.30	0.70	4.60	1.00	0.70		0.70	0.60	1.80	0.80	0.70	0.90	1.00	0.60	1.20	0.70	0.80		0.70	1.00	1.00	0.70	0.70	3.50	0.70	0.80	0.80	0.70	4.10	1.00	1.60	0.80	2.80	0.90	1.00	1.50	1.00	2.00	0.60	1.00	0.70	0.80	0.70	0.70	1.50	1.30	1.60	0.90	2.50	1.20	0.60	0.90	4.60	1.00	1.50	1.50	0.60	0.80	3.00	2.00		4.80	0.70	2.40	4.60	1.70	0.60	1.50	2.30	1.00	0.70	0.70	0.50	1.00	1.20	1.10	3.20	1.00	1.00		3.20	2.90	1.00	1.50	0.90	1.00	0.70	1.00	2.80	1.20	4.60	1.00	8.00	2.00	1.00	0.40	1.30	0.80	1.60	1.00	1.30	1.70	3.90	1.00	1.40	1.90	1.20	4.20	1.70	0.90	0.60	7.60	0.90	0.80	1.50	1.20
85	135	96	46		95					78	59	81	57		72	102	62	53	70	48	133	85	60	45	95	85	175	78	78	280		81	135	58	67	194	150	85	180	75	56	46	71		74	80	191	85	125	85	85	110	85	50	92		52	80	85	26	102	215	164	103		62		34	68	82	127	76		100	55	167	30	72	85		62	100	179	141	44	135	165	118	76	230				107	40	147	114	84		123		168	215	86		138		155	63	256	62	85	81	141	119		139		85	90	160	85		85	70		155	85	82	85		158	115	243	181		130	166	85	295	120		85		75	65	109	89	120		126	75	81	100
18	42	32	52	200	28			48	120	30	249	60	144	60	89	53	166	42	28	20	98	20	63	18	46	48	55	25	58	98	60	53	29	92	28	150	68	14	53	55	16	90	18	86	110	80	420	44	65	60	20	145	31	78	59		38	38	75	58	64	54	44	43	38	33	48	15	68	39	182	271	45	100	45	242	24	46	31	14	224	31	69	156	123	55	64	16	18	117	55	60	69	157	69	128	65	23	40	157	24	227	269	20	34	58	648	225	80	25	68	30	65	75	136	34	81		28	153	118	40	231	75	24	20	75	92	55	30	101	278	52	49	181	33	140	30	44	60	28	20	70	114	173	120	528	152	30	242	142	20	19	19
4.0	3.5	4.0	4.0	4.0	4.0			4.4	3.9	4.4	3.7	3.9	4.9		2.9	4.3	4.0	4.1	4.2	4.2	4.1	4.0	4.7	4.3	3.8	3.7	2.7	3.8	4.6	3.8		5.0	3.8	4.3	4.2	4.1	3.9	4.0	2.9	4.0	4.6	4.4	4.4		4.4	3.8	3.3	4.2	4.2	4.0	4.0	4.4	4.0	4.2			3.9	4.3		4.5	4.0	3.4	3.1	3.5	4.2	3.0	2.6	4.0	3.7	4.3		4.4	4.0	5.3	4.1	3.3	4.0	4.4	4.9	4.8	4.2	4.0	2.9	3.9	4.0		2.8	2.8	4.4	3.4	3.3	4.0	2.9	3.6	4.2	3.9	3.5	4.2		2.7		3.0	3.9	2.1	6.4	2.6		3.6	3.0	4.2	3.8	4.0	3.0	3.3		4.1	3.9		3.8	4.0	2.9		4.3	4.0	4.1	4.0	2.4	3.1	3.3	4.5	2.2	3.8	3.4	3.8	4.5	4.5	3.5	2.6	4.2	2.7	3.5	3.0	3.5	2.4	4.2	3.4	2.8	4.0	4.0	3.3	4.3	4.1	4.1	3.1
			80		75					85	54	52	78		46		63	85	62	64	39	100	47	70	100		36	100	52	40		74	60	73		90		100	74	21		60	100				46	85	77			70	100	74			52	74		100	90	29	41	66			73	54					57		56		76	57			100	100		58	46	41			84	41				38	67	100		66		31		66	51	46				67	31		29						62				23			72	100		32	66	30	0			50	90	57		56	31	85		43	63	35		54		35			50			48	42
1	1	1	1	1	1	1	1	1	1	1	1	1	1	1	1	1	1	2	1	1	1	1	1	1	1	1	1	1	1	1	1	1	1	1	1	1	1	1	2	1	1	1	1	1	1	1	1	1	1	1	1	1	1	1	1	1	1	1	1	1	1	1	1	1	1	1	1	1	1	1	1	1	1	1	1	1	1	1	1	1	1	1	1	1	1	2	2	2	2	2	2	2	2	2	2	2	2	2	2	2	2	2	2	2	2	2	2	2	2	2	2	2	1	2	2	2	2	2	2	2	2	2	2	2	2	2	2	2	2	2	2	2	2	2	2	2	2	2	2	2	2	2	2	2	2	2	2	2	2	2	2	2	2	2
